#return information:
jointindex、jointname、jointtype、qindex、uindex、flags、jointdamping、jointfriction、jointlowerlimit、jointUpperLimit、jointmaxForce、jointMaxVelocity、linkname、jointaxis、parentFramePos、parentFrameOrn、ParentIndex
(0, b'fixed', 4, -1, -1, 0, 0.0, 0.0, 0.0, -1.0, 0.0, 0.0, b'odom_combined', (0.0, 0.0, 0.0), (0.0, 0.0, 0.0), (0.0, 0.0, 0.0, 1.0), -1)
(1, b'virtual_joint', 4, -1, -1, 0, 0.0, 0.0, 0.0, -1.0, 0.0, 0.0, b'base_link', (0.0, 0.0, 0.0), (0.0, 0.0, 0.45), (0.0, 0.0, 0.0, 1.0), 0)
(2, b'rightvirtual_joint', 4, -1, -1, 0, 0.0, 0.0, 0.0, -1.0, 0.0, 0.0, b'right_link1', (0.0, 0.0, 0.0), (0.22, 0.0, 0.0), (0.0, 0.0, 0.0, 1.0), 1)
(3, b'right_joint1', 0, 7, 6, 1, 0.7, 0.0, -1.57079632679, 3.14159265359, 1000.0, 9.42477796077, b'right_link2', (1.0, 0.0, 0.0), (0.081, 0.0, -1.0), (0.0, 0.0, 0.0, 1.0), 2)
(4, b'right_joint2', 0, 8, 7, 1, 0.7, 0.0, -3.14159265359, 0.174532925199, 1000.0, 9.42477796077, b'right_link3', (0.0, 1.0, 0.0), (0.04, 0.0, -1.0), (0.0, -0.7071067811848163, 0.0, 0.7071067811882787), 3)
(5, b'right_joint3', 0, 9, 8, 1, 0.7, 0.0, -1.57079632679, 1.57079632679, 1000.0, 9.42477796077, b'right_link4', (1.0, 0.0, 0.0), (0.0555, 0.0, -1.0), (0.7071067811848163, 0.0, 0.0, 0.7071067811882787), 4)
(6, b'right_joint4', 0, 10, 9, 1, 0.7, 0.0, -0.872664625997, 2.09439510239, 1000.0, 9.42477796077, b'right_link5', (0.0, 1.0, 0.0), (0.1945, 0.0, -1.0), (0.0, 0.7071067811848163, 0.0, 0.7071067811882787), 5)
(7, b'right_joint5', 0, 11, 10, 1, 0.7, 0.0, -3.14159265359, 1.74532925199, 1000.0, 9.42477796077, b'right_link6', (1.0, 0.0, 0.0), (0.037, 0.0, -1.0), (-0.7071067811848163, 0.0, 0.0, 0.7071067811882787), 6)
(8, b'right_joint6', 0, 12, 11, 1, 0.7, 0.0, -1.2217304764, 1.57079632679, 1000.0, 9.42477796077, b'right_link7', (0.0, 1.0, 0.0), (0.203, 0.0, -1.0), (0.7071067811848163, 0.0, 0.0, 0.7071067811882787), 7)
(9, b'right_joint7', 0, 13, 12, 1, 0.7, 0.0, -1.57079632679, 1.57079632679, 1000.0, 9.42477796077, b'right_link8', (0.0, 0.0, 1.0), (0.0, 0.0, -1.0), (0.0, 0.0, 0.0, 1.0), 8)
(10, b'right_hand_joint1', 0, 14, 13, 1, 0.7, 0.0, -1.57079632679, 1.57079632679, 1000.0, 9.42477796077, b'right_hand1', (0.0, 0.0, 1.0), (0.0865, 0.0265, -0.976), (0.0, 0.0, 0.0, 1.0), 9)
(11, b'right_hand_joint2', 0, 15, 14, 1, 0.7, 0.0, -1.57079632679, 1.57079632679, 1000.0, 9.42477796077, b'right_hand2', (0.0, 0.0, 1.0), (0.0865, 0.0, -0.976), (0.0, 0.0, 0.0, 1.0), 9)
(12, b'rightgrasping_frame_joint', 4, -1, -1, 0, 0.0, 0.0, 0.0, -1.0, 0.0, 0.0, b'rightgrasping_frame', (0.0, 0.0, 0.0), (0.1565, 0.0265, -0.976), (0.0, 0.0, 0.0, 1.0), 9)
(13, b'leftvirtual_joint', 4, -1, -1, 0, 0.0, 0.0, 0.0, -1.0, 0.0, 0.0, b'left_link1', (0.0, 0.0, 0.0), (0.03, 0.0, 0.0), (0.0, 0.0, 1.0, 1.0341155355510722e-13), 1)
(14, b'left_joint1', 0, 16, 15, 1, 0.7, 0.0, -1.57079632679, 3.14159265359, 1000.0, 9.42477796077, b'left_link2', (1.0, 0.0, 0.0), (0.081, 0.0, -1.0), (0.0, 0.0, 0.0, 1.0), 13)
(15, b'left_joint2', 0, 17, 16, 1, 0.7, 0.0, -3.14159265359, 0.174532925199, 1000.0, 9.42477796077, b'left_link3', (0.0, 1.0, 0.0), (0.04, 0.0, -1.0), (0.0, -0.7071067811848163, 0.0, 0.7071067811882787), 14)
(16, b'left_joint3', 0, 18, 17, 1, 0.7, 0.0, -1.57079632679, 1.57079632679, 1000.0, 9.42477796077, b'left_link4', (1.0, 0.0, 0.0), (0.0555, 0.0, -1.0), (-0.7071067811848163, 0.0, 0.0, 0.7071067811882787), 15)
(17, b'left_joint4', 0, 19, 18, 1, 0.7, 0.0, -0.872664625997, 2.09439510239, 1000.0, 9.42477796077, b'left_link5', (0.0, 1.0, 0.0), (0.1945, 0.0, -1.0), (0.0, 0.7071067811848163, 0.0, 0.7071067811882787), 16)
(18, b'left_joint5', 0, 20, 19, 1, 0.7, 0.0, -3.14159265359, 1.74532925199, 1000.0, 9.42477796077, b'left_link6', (1.0, 0.0, 0.0), (0.037, 0.0, -1.0), (-0.7071067811848163, 0.0, 0.0, 0.7071067811882787), 17)
(19, b'left_joint6', 0, 21, 20, 1, 0.7, 0.0, -1.2217304764, 1.57079632679, 1000.0, 9.42477796077, b'left_link7', (0.0, 1.0, 0.0), (0.203, 0.0, -1.0), (0.7071067811848163, 0.0, 0.0, 0.7071067811882787), 18)
(20, b'left_joint7', 0, 22, 21, 1, 0.7, 0.0, -1.57079632679, 1.57079632679, 1000.0, 9.42477796077, b'left_link8', (0.0, 0.0, 1.0), (0.0, 0.0, -1.0), (0.0, 0.0, 0.0, 1.0), 19)
(21, b'left_hand_joint1', 0, 23, 22, 1, 0.7, 0.0, -1.74532925199, 1.74532925199, 1000.0, 9.42477796077, b'left_hand1', (0.0, 0.0, 1.0), (0.0865, 0.0265, -0.976), (0.0, 0.0, 0.0, 1.0), 20)
(22, b'left_hand_joint2', 0, 24, 23, 1, 0.7, 0.0, -0.785398163397, 0.0, 1000.0, 9.42477796077, b'left_hand2', (0.0, 0.0, 1.0), (0.0865, 0.0, -0.976), (0.0, 0.0, 0.0, 1.0), 20)
(23, b'leftgrasping_frame_joint', 4, -1, -1, 0, 0.0, 0.0, 0.0, -1.0, 0.0, 0.0, b'leftgrasping_frame', (0.0, 0.0, 0.0), (0.1565, 0.0265, -0.976), (0.0, 0.0, 0.0, 1.0), 20)
jointindex：关节索引
jointname：关节名
jointtype：关节类型：：这也意味着位置和速度变量的数量 0 Joint_revolute:旋转副 1  Joint_prismatic:移动副 2 JOINT_SPHERICAL(球副):对一个空间中任意轴的转动,一个joint里面至多只有一个Spherical,而且决不能和Revolute一起出现,记为S 3 joint_planar :平面关节    4 joint_fixed:固定关节
qindex：此主体的位置状态变量中的第一个位置索引 ？？？
uindex：这个物体的速度状态变量中的第一个速度索引 ？？？
flags： reserved？
jointdamping：关节阻尼值，在URDF文件中指定
jointfriction：关节摩擦值，在URDF文件中指定
jointlowerlimit：定位滑块和转动(铰链)关节的下限。
jointUpperLimit：滑动块和转动关节的位置上限。如果上限<下限，则忽略值。
jointmaxForce:在URDF中指定的最大力(可能是其他文件格式)，注意这个值不会自动使用。你可以在'setJointMotorControl2'中使用maxForce。
jointMaxVelocity:URDF中指定的最大速度。注意，此时最大速度并没有被用于实际的电机控制命令中
linkname：link的名称，在URDF(或SDF等)文件中指定
jointaxis:当前frame下的joint轴， 忽略了固定joint
parentFramePos：在父frame的关节position
parentFrameOrn：在夫frame的关节orientation
ParentIndex:父frame index